1.169516297294e-05
1.419140710617e-05
2.082925252207e-05
2.737200623329e-05
3.234740178094e-05
3.376675791558e-05
2.920652222450e-05
1.596112836151e-05
-8.683823092182e-06
-4.709619262855e-05
-1.008539321223e-04
-1.702873229241e-04
-2.540047558273e-04
-3.484780831176e-04
-4.477346339320e-04
-5.432834669760e-04
-6.242447438908e-04
-6.777784826178e-04
-6.898462979675e-04
-6.463323477191e-04
-5.343240787439e-04
-3.437474151291e-04
-6.902258915141e-05
2.893337858811e-04
7.232159590103e-04
1.215938538921e-03
1.741676680812e-03
2.265712699165e-03
2.745433652528e-03
3.132268929266e-03
3.374460670648e-03
3.420688691451e-03
3.224294313058e-03
2.747928746771e-03
1.968273275484e-03
8.805174486109e-04
-4.978631867387e-04
-2.124336861298e-03
-3.929962498881e-03
-5.819712770773e-03
-7.674682706881e-03
-9.356213805317e-03
-1.071193639778e-02
-1.158341121044e-02
-1.181511950654e-02
-1.126421572164e-02
-9.810514506856e-03
-7.366025555038e-03
-3.883379501940e-03
6.375273436775e-04
6.145210645221e-03
1.253505999041e-02
1.965086417692e-02
2.728948267220e-02
3.520853198113e-02
4.313677158557e-02
5.078664033624e-02
5.786826122075e-02
6.410409871327e-02
6.924338155262e-02
7.307540407490e-02
7.544087848752e-02
7.624059932501e-02
7.544087848752e-02
7.307540407490e-02
6.924338155262e-02
6.410409871327e-02
5.786826122075e-02
5.078664033624e-02
4.313677158557e-02
3.520853198113e-02
2.728948267220e-02
1.965086417692e-02
1.253505999041e-02
6.145210645221e-03
6.375273436775e-04
-3.883379501940e-03
-7.366025555038e-03
-9.810514506856e-03
-1.126421572164e-02
-1.181511950654e-02
-1.158341121044e-02
-1.071193639778e-02
-9.356213805317e-03
-7.674682706881e-03
-5.819712770773e-03
-3.929962498881e-03
-2.124336861298e-03
-4.978631867387e-04
8.805174486109e-04
1.968273275484e-03
2.747928746771e-03
3.224294313058e-03
3.420688691451e-03
3.374460670648e-03
3.132268929266e-03
2.745433652528e-03
2.265712699165e-03
1.741676680812e-03
1.215938538921e-03
7.232159590103e-04
2.893337858811e-04
-6.902258915141e-05
-3.437474151291e-04
-5.343240787439e-04
-6.463323477191e-04
-6.898462979675e-04
-6.777784826178e-04
-6.242447438908e-04
-5.432834669760e-04
-4.477346339320e-04
-3.484780831176e-04
-2.540047558273e-04
-1.702873229241e-04
-1.008539321223e-04
-4.709619262855e-05
-8.683823092182e-06
1.596112836151e-05
2.920652222450e-05
3.376675791558e-05
3.234740178094e-05
2.737200623329e-05
2.082925252207e-05
1.419140710617e-05
1.169516297294e-05
